27612;1948; -7.8;-10.7; -4.4;  5.9; 15.3; 20.0; 16.4; 17.5; 11.0;  4.6; -1.6; -4.7
27612;1949; -3.8; -7.4; -2.6;  4.5; 15.2; 16.8; 17.3; 16.2; 12.1;  5.1; -0.4; -4.4
27612;1950;-18.0; -6.7; -2.1;  9.2; 11.8; 14.8; 15.7; 13.9; 12.0;  4.9; -0.5; -5.6
27612;1951;-12.0;-12.3; -3.7;  8.5;  9.5; 17.3; 18.2; 18.2; 11.9;  2.8; -4.8; -1.3
27612;1952; -4.2; -7.1; -9.0;  5.3; 10.1; 16.9; 17.4; 16.7; 12.1;  3.9; -1.1; -5.8
27612;1953;-10.3;-15.5; -2.6;  7.2; 11.3; 18.9; 18.8; 17.2;  9.9;  5.8; -3.3; -5.7
27612;1954;-14.3;-13.9; -3.3;  3.0; 12.6; 18.7; 20.7; 18.3; 12.4;  5.7; -1.6; -5.0
27612;1955; -6.4; -6.9; -4.7;  1.5; 10.4; 14.8; 17.7; 18.1; 14.1;  7.9; -3.1;-14.2
27612;1956;-10.8;-18.5; -3.5;  4.1; 10.6; 20.6; 15.0; 14.6;  8.6;  4.8; -5.1; -4.1
27612;1957; -6.0; -1.8; -6.1;  6.8; 14.4; 15.1; 18.5; 17.3; 12.5;  5.3; -0.8; -4.6
27612;1958; -6.8; -7.5; -5.9;  4.3; 13.1; 14.8; 18.2; 15.7;  9.2;  6.3; -0.7; -7.5
27612;1959; -4.2; -5.4; -1.1;  6.9; 11.4; 16.8; 20.5; 17.2;  8.3;  2.3; -5.0;-10.9
27612;1960; -9.2; -7.6; -5.3;  5.4; 11.7; 18.4; 21.3; 16.3; 10.0;  2.4; -3.7;  0.1
27612;1961; -6.2; -2.4;  0.2;  4.3; 11.9; 19.1; 19.3; 16.8;  9.6;  6.5; -1.7; -8.2
27612;1962; -4.6; -6.2; -5.1;  7.7; 13.1; 13.2; 16.2; 14.7; 11.0;  6.5;  1.2; -7.6
27612;1963;-16.2;-10.1; -9.4;  4.1; 17.1; 13.3; 18.9; 18.0; 13.8;  5.9; -0.3; -8.8
27612;1964; -8.2;-10.1; -6.1;  4.4; 11.3; 18.8; 20.0; 16.3; 12.1;  7.1; -2.4; -3.0
27612;1965; -9.8;-10.0; -3.2;  2.7;  9.5; 15.8; 16.4; 15.8; 13.2;  3.9; -5.7; -1.6
27612;1966; -9.8; -9.0; -0.1;  8.8; 15.4; 16.7; 19.2; 16.9;  9.6;  6.1; -0.9;-10.5
27612;1967;-13.9;-10.3;  0.3;  6.6; 17.0; 16.6; 18.2; 18.6; 11.7;  8.9;  0.6; -9.7
27612;1968;-15.7; -8.3; -1.1;  5.9; 12.6; 18.7; 15.9; 18.0; 11.1;  2.8; -2.5; -5.3
27612;1969;-16.0;-13.4; -6.8;  5.9; 11.1; 14.8; 18.2; 16.6; 10.3;  4.7;  1.6; -9.2
27612;1970;-10.4; -8.4; -2.8;  5.8; 12.7; 16.0; 19.3; 16.5; 11.1;  5.3; -2.0; -6.0
27612;1971; -3.9; -9.3; -4.6;  3.7; 12.9; 16.8; 17.6; 17.1; 10.9;  2.9; -1.1; -6.1
27612;1972;-14.9; -7.1; -2.5;  5.9; 12.6; 19.0; 22.4; 20.6; 11.0;  5.1; -0.6; -0.9
27612;1973;-10.2; -3.6; -1.1;  7.8; 13.3; 18.6; 18.3; 16.1;  7.6;  3.6; -2.2; -6.0
27612;1974;-11.1; -1.5; -0.6;  3.4;  9.6; 16.4; 18.2; 15.9; 13.1;  8.8;  1.6; -2.3
27612;1975; -3.9; -6.4;  1.2; 10.1; 15.6; 17.9; 18.9; 15.3; 13.9;  4.2; -3.2; -4.2
27612;1976;-12.2;-11.4; -2.6;  5.7; 10.9; 13.7; 16.1; 14.5;  9.6; -1.0; -0.8; -3.7
27612;1977;-11.2; -6.3; -0.9;  7.0; 14.2; 16.8; 18.8; 15.8;  9.5;  3.1;  1.7; -8.2
27612;1978; -7.3; -9.5;  0.4;  4.6; 10.5; 14.3; 16.3; 15.8;  9.7;  3.3;  2.0;-14.5
27612;1979; -9.9; -8.8; -0.9;  3.3; 17.1; 17.2; 16.7; 16.9; 11.7;  3.8; -0.9; -5.7
27612;1980;-11.3; -7.1; -6.4;  5.8;  8.4; 17.9; 17.2; 14.7; 10.5;  5.2; -2.0; -4.2
27612;1981; -5.4; -4.9; -3.1;  3.3; 14.0; 19.8; 21.5; 17.4; 10.8;  7.8; -0.6; -3.5
27612;1982;-10.1; -8.8; -0.7;  5.3; 12.0; 13.8; 18.4; 16.6; 11.8;  4.1;  2.0; -1.1
27612;1983; -4.0; -6.9; -1.4;  9.3; 15.6; 14.5; 17.9; 16.0; 12.4;  6.2; -1.5; -3.2
27612;1984; -4.4;-10.3; -2.3;  7.5; 16.0; 15.6; 17.6; 15.1; 12.4;  6.8; -3.5; -9.6
27612;1985;-10.0;-14.0; -3.1;  5.4; 13.0; 14.6; 16.4; 19.4; 10.1;  6.1; -3.3; -6.5
27612;1986; -6.7;-13.5;  0.2;  6.7; 13.6; 18.6; 17.8; 16.5;  8.6;  4.2; -0.1; -7.5
27612;1987;-17.5; -6.0; -5.3;  2.8; 12.8; 17.7; 16.8; 15.1;  9.0;  3.6; -3.6; -7.0
27612;1988; -7.2; -6.1; -1.0;  5.3; 13.8; 19.5; 21.6; 16.5; 11.3;  4.9; -4.4; -6.9
27612;1989; -2.1; -0.5;  2.0;  7.7; 13.4; 20.0; 19.2; 16.2; 12.2;  5.3; -2.6; -5.3
27612;1990; -5.7;  0.4;  2.0;  8.1; 10.8; 14.5; 17.5; 16.0;  9.3;  5.3;  0.2; -3.4
27612;1991; -6.2; -6.7; -1.2;  7.0; 13.4; 18.8; 18.1; 16.1; 11.0;  6.5;  1.0; -4.0
27612;1992; -5.3; -4.3;  1.6;  5.1; 11.9; 16.7; 18.6; 18.0; 13.1;  2.2; -2.5; -4.4
27612;1993; -4.4; -4.9; -1.9;  5.7; 14.5; 14.0; 17.5; 15.4;  6.9;  4.6; -8.0; -3.6
27612;1994; -3.4;-11.3; -2.9;  7.2;  9.8; 14.5; 17.6; 15.9; 13.7;  5.0; -2.5; -7.9
27612;1995; -5.9; -0.8;  0.6;  9.1; 14.5; 19.7; 17.5; 16.8; 12.8;  6.7; -2.8; -9.5
27612;1996;-10.0; -9.7; -3.0;  6.4; 15.7; 16.5; 18.9; 17.3;  9.9;  6.0;  3.9; -7.0
27612;1997; -7.7; -4.7; -0.9;  4.6; 11.1; 17.9; 18.7; 17.1;  8.5;  3.7; -0.8; -7.5
27612;1998; -4.7; -7.6; -1.3;  3.9; 13.7; 20.0; 18.9; 15.5; 10.7;  5.6; -8.0; -5.9
27612;1999; -4.6; -6.2; -0.8;  9.7;  8.7; 21.4; 21.7; 16.4; 11.8;  7.4; -4.9; -1.7
27612;2000; -6.1; -2.7; -0.7; 11.1; 10.8; 16.2; 19.3; 16.7; 10.0;  7.2; -0.1; -2.6
27612;2001; -4.3; -7.2; -2.1; 11.0; 11.2; 16.3; 23.0; 17.0; 12.2;  4.8; -0.5;-10.6
27612;2002; -4.8; -0.4;  2.2;  7.2; 12.7; 17.3; 22.6; 17.0; 12.0;  2.6; -1.5;-12.6
27612;2003; -7.3; -8.6; -2.7;  4.7; 15.5; 12.8; 20.6; 16.9; 11.3;  5.6;  1.1; -2.1
27612;2004; -6.5; -7.0;  1.3;  4.6; 11.4; 15.3; 19.0; 18.4; 12.1;  5.9; -1.6; -2.9
27612;2005; -3.0; -8.9; -6.0;  7.1; 14.8; 16.5; 19.3; 17.6; 13.1;  6.0;  1.4; -4.1
27612;2006;-10.8;-13.3; -3.7;  6.0; 12.4; 18.2; 18.0; 17.5; 13.3;  7.0;  0.7;  1.2
27612;2007; -1.6;-11.0;  4.4;  5.8; 15.9; 17.4; 18.9; 20.2; 11.8;  7.0; -2.0; -2.0
27612;2008; -5.8; -1.5;  1.8;  9.4; 11.3; 15.6; 19.1; 17.5; 10.9;  8.9;  2.3; -1.8
27612;2009; -5.6; -5.4; -0.6;  5.1; 13.6; 17.3; 18.8; 15.6; 13.8;  5.8;  2.2; -6.5
27612;2010;-14.5; -8.4; -1.1;  8.3; 16.7; 18.8; 26.0; 21.8; 11.7;  3.8;  2.7; -7.6
27612;2011; -7.5;-11.0; -2.0;  6.4; 14.6; 19.0; 23.4; 18.7; 12.1;  6.6;  0.2; -0.1
27612;2012; -6.8;-11.7; -3.1;  8.2; 15.1; 17.1; 20.9; 17.7; 12.9;  6.5;  1.6; -8.6
27612;2013; -8.5; -3.5; -6.5;  6.1; 16.9; 19.8; 18.9; 18.3; 10.3;  6.6;  4.0; -1.7
27612;2014; -8.6; -1.9;  2.8;  7.0; 16.0; 16.1; 21.1; 19.2; 12.3;  3.7; -1.3; -3.9
27612;2015; -4.4; -2.2;  2.0;  6.1; 14.2; 17.9; 18.3; 17.6; 13.8;  4.4;  0.8;  0.2
27612;2016;-10.1; -0.6;  0.3;  8.1; 15.0; 18.2; 20.9; 19.5; 11.4;  4.4; -2.7; -4.6
27612;2017; -7.8; -4.6;  2.4;  5.3; 10.9; 14.4; 17.9; 18.8; 13.0;  5.0;  0.0;  0.0
27612;2018; -4.3; -9.1; -5.1;  7.8; 16.2; 17.3; 20.5; 19.8; 14.6;  7.3; -0.6; -5.6
27612;2019; -6.6; -1.4;  0.7;  8.1; 16.3; 19.6; 16.8; 16.4; 12.3;  8.8;  1.8;  0.8
